idx;cycle;seconds;objectiveNormal;objectiveAccelerated;processorCount;blockSize
0;0;0,5513085;1250,9909391282197;1250,9909391282197;0;0
1;0;1,0993477999999999;1251,0003335932774;1251,0003335932774;0;0
2;0;1,6166991;1251,0005188054076;1251,0005188054076;0;0
3;0;2,1220558;1251,0040142700645;1251,0040142700645;0;0
4;0;2,6501287;1250,9957000284537;1250,9957000284537;0;0
5;0;3,1133968999999997;1250,9952609187173;1250,9952609187173;0;0
6;0;3,6233632;1250,9984101578625;1250,9984101578625;0;0
7;0;4,105282;1250,99611711958;1250,99611711958;0;0
8;0;4,5781623;1250,9877207426284;1250,9877207426284;0;0
9;0;5,048451099999999;1250,9937083322836;1250,9937083322836;0;0
10;0;5,5464332;1250,9817943011064;1250,9817943011064;0;0
11;0;6,0295035;1250,9726903510984;1250,9726903510984;0;0
12;0;6,5334714;1250,9749421288045;1250,9749421288045;0;0
13;0;7,013399;1250,9660696124324;1250,9660696124324;0;0
14;0;7,5116155;1250,959740520961;1250,959740520961;0;0
15;0;8,0145871;1250,9529834086638;1250,9529834086638;0;0
16;0;8,491111199999999;1250,955533654279;1250,955533654279;0;0
17;0;8,9516048;1250,9456129213067;1250,9456129213067;0;0
18;0;9,4400935;1250,94284441985;1250,94284441985;0;0
19;0;9,9307843;1250,926233654866;1250,926233654866;0;0
20;0;10,4605499;1250,9204544137242;1250,9204544137242;0;0
21;0;10,9516843;1250,9280313260815;1250,9280313260815;0;0
22;0;11,4641132;1250,9272262327574;1250,9272262327574;0;0
23;0;11,9543093;1250,9168499267196;1250,9168499267196;0;0
24;0;12,4401099;1250,9114104961127;1250,9114104961127;0;0
25;0;12,9220315;1250,9101065935479;1250,9101065935479;0;0
26;0;13,391444499999999;1250,9009871986202;1250,9009871986202;0;0
27;0;13,910066599999999;1250,9010980836595;1250,9010980836595;0;0
28;0;14,3800586;1250,897373158644;1250,897373158644;0;0
29;0;14,870448199999998;1250,872935538058;1250,872935538058;0;0
30;0;15,4076547;1250,8698930316928;1250,8698930316928;0;0
31;0;15,9320633;1250,8719385464115;1250,8719385464115;0;0
32;0;16,4151152;1250,8571504276895;1250,8571504276895;0;0
33;0;16,9120956;1250,859299405793;1250,859299405793;0;0
34;0;17,4254714;1250,8576721327422;1250,8576721327422;0;0
35;0;17,9385488;1250,8607369344415;1250,8607369344415;0;0
36;0;18,4194124;1250,8538538067082;1250,8538538067082;0;0
37;0;18,8829836;1250,8437626812993;1250,8437626812993;0;0
38;0;19,3647877;1250,8362789177895;1250,8362789177895;0;0
39;0;19,8546415;1250,8422786368085;1250,8422786368085;0;0
40;0;20,3334674;1250,8339529985249;1250,8339529985249;0;0
41;0;20,8601199;1250,827274731361;1250,827274731361;0;0
42;0;21,3545512;1250,8213562616404;1250,8213562616404;0;0
43;0;21,8543974;1250,815150451987;1250,815150451987;0;0
44;0;22,354344599999997;1250,820189801818;1250,820189801818;0;0
45;0;22,845758;1250,8205230035226;1250,8205230035226;0;0
46;0;23,319890899999997;1250,8118576215538;1250,8118576215538;0;0
47;0;23,7931395;1250,8045054291329;1250,8045054291329;0;0
48;0;24,2851163;1250,788461834175;1250,788461834175;0;0
49;0;24,7676753;1250,7858843857216;1250,7858843857216;0;0
50;1;25,2500934;1239,6729040353148;1239,6729040353148;0;0
51;1;25,7051491;1239,6462522527454;1239,6462522527454;0;0
52;1;26,2179886;1239,6055797738902;1239,6055797738902;0;0
53;1;26,720577;1239,5635542684172;1239,5635542684172;0;0
54;1;27,2281078;1239,5364246944346;1239,5364246944346;0;0
55;1;27,7306433;1239,5133146938226;1239,5133146938226;0;0
56;1;28,2189;1239,4949373865145;1239,4949373865145;0;0
57;1;28,7128338;1239,4873028077677;1239,4873028077677;0;0
58;1;29,2119523;1239,4601108207871;1239,4601108207871;0;0
59;1;29,7446333;1239,445564498759;1239,445564498759;0;0
60;1;30,2471249;1239,4266196451167;1239,4266196451167;0;0
61;1;30,7378633;1239,4149965710585;1239,4149965710585;0;0
62;1;31,2281607;1239,4078262976557;1239,4078262976557;0;0
63;1;31,743127;1239,397952373125;1239,397952373125;0;0
64;1;32,2189082;1239,3905676662896;1239,3905676662896;0;0
65;1;32,7338673;1239,3786280146578;1239,3786280146578;0;0
66;1;33,2233389;1239,3675579754772;1239,3675579754772;0;0
67;1;33,7379875;1239,3626257069452;1239,3626257069452;0;0
68;1;34,2681962;1239,3541154857437;1239,3541154857437;0;0
69;1;34,775715500000004;1239,3472933983135;1239,3472933983135;0;0
70;1;35,2911667;1239,3411883307795;1239,3411883307795;0;0
71;1;35,7824206;1239,3304015867193;1239,3304015867193;0;0
72;1;36,2657511;1239,323620586659;1239,323620586659;0;0
73;1;36,733523500000004;1239,3197671753296;1239,3197671753296;0;0
74;1;37,2431691;1239,3041351439917;1239,3041351439917;0;0
75;1;37,7335795;1239,300002538591;1239,300002538591;0;0
76;1;38,223615699999996;1239,2877300520927;1239,2877300520927;0;0
77;1;38,7234554;1239,2776900421147;1239,2776900421147;0;0
78;1;39,209491299999996;1239,2728776789568;1239,2728776789568;0;0
79;1;39,7184958;1239,2656575593753;1239,2656575593753;0;0
80;1;40,2153798;1239,25521261634;1239,25521261634;0;0
81;1;40,703759399999996;1239,2406729373913;1239,2406729373913;0;0
82;1;41,1623617;1239,2354287849369;1239,2354287849369;0;0
83;1;41,6293864;1239,2267263237216;1239,2267263237216;0;0
84;1;42,137896;1239,2169147502532;1239,2169147502532;0;0
85;1;42,6426611;1239,2116581058094;1239,2116581058094;0;0
86;1;43,1255518;1239,2057355136274;1239,2057355136274;0;0
87;1;43,63071;1239,198271689893;1239,198271689893;0;0
88;1;44,1265435;1239,1870051529104;1239,1870051529104;0;0
89;1;44,5920975;1239,1818286719745;1239,1818286719745;0;0
90;1;45,07504;1239,1730016435724;1239,1730016435724;0;0
91;1;45,5431101;1239,1645913897157;1239,1645913897157;0;0
92;1;46,0336757;1239,1605624181507;1239,1605624181507;0;0
93;1;46,5417776;1239,150401539923;1239,150401539923;0;0
94;1;47,0545783;1239,1477846534879;1239,1477846534879;0;0
95;1;47,5450682;1239,1369004269393;1239,1369004269393;0;0
96;1;48,0359009;1239,1309635406715;1239,1309635406715;0;0
97;1;48,520755199999996;1239,1309481301662;1239,1309481301662;0;0
98;1;48,9657565;1239,1205405725386;1239,1205405725386;0;0
99;1;49,447195300000004;1239,113665919945;1239,113665919945;0;0
100;2;49,9122622;1239,2755125004128;1239,2755125004128;0;0
101;2;50,3233036;1239,2677063858162;1239,2677063858162;0;0
102;2;50,738297900000006;1239,2610664276704;1239,2610664276704;0;0
103;2;51,1484201;1239,2584140912188;1239,2584140912188;0;0
104;2;51,510322300000006;1239,251629977494;1239,251629977494;0;0
105;2;51,877123000000005;1239,2429740333682;1239,2429740333682;0;0
106;2;52,2429976;1239,2381254459826;1239,2381254459826;0;0
107;2;52,6140102;1239,2295743285765;1239,2295743285765;0;0
108;2;52,9570718;1239,216225614517;1239,216225614517;0;0
109;2;53,308514100000004;1239,2144646302895;1239,2144646302895;0;0
110;2;53,701997600000006;1239,201976500614;1239,201976500614;0;0
111;2;54,088274000000006;1239,193253818411;1239,193253818411;0;0
112;2;54,48261;1239,1916921575103;1239,1916921575103;0;0
113;2;54,8284017;1239,1868638700907;1239,1868638700907;0;0
114;2;55,1884086;1239,1818667734829;1239,1818667734829;0;0
115;2;55,571669;1239,1691918154656;1239,1691918154656;0;0
116;2;55,95846950000001;1239,159751059876;1239,159751059876;0;0
117;2;56,312994;1239,1579243994968;1239,1579243994968;0;0
118;2;56,673430100000004;1239,14541831327;1239,14541831327;0;0
119;2;57,073784200000006;1239,1414489319009;1239,1414489319009;0;0
120;2;57,426608200000004;1239,1422517480746;1239,1422517480746;0;0
121;2;57,769289900000004;1239,1297397569278;1239,1297397569278;0;0
122;2;58,098403700000006;1239,1295859213847;1239,1295859213847;0;0
123;2;58,4620139;1239,1194522018639;1239,1194522018639;0;0
124;2;58,7870666;1239,115944579099;1239,115944579099;0;0
125;2;59,1130853;1239,10516390214;1239,10516390214;0;0
126;2;59,4134356;1239,1017003297047;1239,1017003297047;0;0
127;2;59,735718000000006;1239,094953007462;1239,094953007462;0;0
128;2;60,06176620000001;1239,085678752927;1239,085678752927;0;0
129;2;60,3718556;1239,0791855540751;1239,0791855540751;0;0
130;2;60,7245689;1239,0681895379291;1239,0681895379291;0;0
131;2;61,047018;1239,0639875433499;1239,0639875433499;0;0
132;2;61,422721100000004;1239,0559460199552;1239,0559460199552;0;0
133;2;61,7653673;1239,0510561470405;1239,0510561470405;0;0
134;2;62,1349494;1239,043425408364;1239,043425408364;0;0
135;2;62,5188739;1239,0409641040492;1239,0409641040492;0;0
136;2;62,868478700000004;1239,0360148507523;1239,0360148507523;0;0
137;2;63,218793500000004;1239,0229183143617;1239,0229183143617;0;0
138;2;63,5742467;1239,0184359476398;1239,0184359476398;0;0
139;2;63,9300239;1239,0126757413814;1239,0126757413814;0;0
140;2;64,2686199;1239,0053161927055;1239,0053161927055;0;0
141;2;64,6433915;1238,9967949374013;1238,9967949374013;0;0
142;2;65,0180249;1238,990822279327;1238,990822279327;0;0
143;2;65,36884640000001;1238,9844945513746;1238,9844945513746;0;0
144;2;65,7316205;1238,9797378125527;1238,9797378125527;0;0
145;2;66,0592989;1238,9749653084696;1238,9749653084696;0;0
146;2;66,4110241;1238,962470454025;1238,962470454025;0;0
147;2;66,7931912;1238,954123232317;1238,954123232317;0;0
148;2;67,1592115;1238,9460331142295;1238,9460331142295;0;0
149;2;67,5310846;1238,9455382215335;1238,9455382215335;0;0
150;3;68,0426801;1239,0173027909786;1239,0173027909786;0;0
151;3;68,5859036;1239,009359844139;1239,009359844139;0;0
152;3;69,1014747;1239,0061993788574;1239,0061993788574;0;0
153;3;69,6103061;1238,9994976199084;1238,9994976199084;0;0
154;3;70,1369999;1238,9926007905758;1238,9926007905758;0;0
155;3;70,674788;1238,9844375039324;1238,9844375039324;0;0
156;3;71,1889025;1238,9793032126502;1238,9793032126502;0;0
157;3;71,7048075;1238,9709662060704;1238,9709662060704;0;0
158;3;72,2356651;1238,9617384210965;1238,9617384210965;0;0
159;3;72,7641096;1238,9545567391372;1238,9545567391372;0;0
160;3;73,2958813;1238,9492566895271;1238,9492566895271;0;0
161;3;73,7955716;1238,9382313364029;1238,9382313364029;0;0
162;3;74,2761795;1238,9331474363591;1238,9331474363591;0;0
163;3;74,7681299;1238,926426722121;1238,926426722121;0;0
164;3;75,2735311;1238,921287474677;1238,921287474677;0;0
165;3;75,7865035;1238,9149070463372;1238,9149070463372;0;0
166;3;76,2712082;1238,910091764854;1238,910091764854;0;0
167;3;76,7729311;1238,9064461712537;1238,9064461712537;0;0
168;3;77,2650576;1238,8994580383442;1238,8994580383442;0;0
169;3;77,7960172;1238,8946352736807;1238,8946352736807;0;0
170;3;78,3057535;1238,8886079052818;1238,8886079052818;0;0
171;3;78,8235387;1238,8816061194045;1238,8816061194045;0;0
172;3;79,3164116;1238,8737674741697;1238,8737674741697;0;0
173;3;79,82446;1238,8623929570463;1238,8623929570463;0;0
174;3;80,3342047;1238,8583078887718;1238,8583078887718;0;0
175;3;80,8247228;1238,8507521418771;1238,8507521418771;0;0
176;3;81,3488692;1238,8444467905583;1238,8444467905583;0;0
177;3;81,8728035;1238,8383210114966;1238,8383210114966;0;0
178;3;82,35446809999999;1238,831403982272;1238,831403982272;0;0
179;3;82,8551239;1238,827555346868;1238,827555346868;0;0
180;3;83,3424222;1238,8219076979537;1238,8219076979537;0;0
181;3;83,8484174;1238,8188559605958;1238,8188559605958;0;0
182;3;84,3672332;1238,8090918986547;1238,8090918986547;0;0
183;3;84,8660277;1238,8011298201839;1238,8011298201839;0;0
184;3;85,3526888;1238,7967737431484;1238,7967737431484;0;0
185;3;85,8253208;1238,791971953688;1238,791971953688;0;0
186;3;86,30855;1238,7864552941696;1238,7864552941696;0;0
187;3;86,8044003;1238,778742444068;1238,778742444068;0;0
188;3;87,3043888;1238,7719067524486;1238,7719067524486;0;0
189;3;87,813965;1238,764616950054;1238,764616950054;0;0
190;3;88,3114946;1238,7635468212607;1238,7635468212607;0;0
191;3;88,8119503;1238,759013200001;1238,759013200001;0;0
192;3;89,3353343;1238,751485725645;1238,751485725645;0;0
193;3;89,8561516;1238,7507940645032;1238,7507940645032;0;0
194;3;90,3385526;1238,7434443347906;1238,7434443347906;0;0
195;3;90,81818319999999;1238,73952369269;1238,73952369269;0;0
196;3;91,2793124;1238,733142729684;1238,733142729684;0;0
197;3;91,79797529999999;1238,7261402080705;1238,7261402080705;0;0
198;3;92,2688534;1238,7223044860693;1238,7223044860693;0;0
199;3;92,7895402;1238,7158145615786;1238,7158145615786;0;0
