cycle;lambda;sidelobe;dataPenalty;regPenalty;currentRegPenalty;converged;iterCount;ElapsedTime
0;1436,2445;143,62445;2152,7771491935414;0;0;True;8604;125,84155319999999
1;185,54239;18,55424;123,76122526247993;72,12059029366355;28,176798383025016;True;10285;150,4940375
2;671,2452;67,12452;597,702868677161;34,96148091921714;13,659103407087287;True;9504;139,01307119999998
3;185,38824;18,538824;102,49303717261874;73,40985392684524;28,68050094285718;True;11159;163,8320932
4;661,0319;66,103195;580,792152579184;35,360036384481646;13,814815088941032;True;9138;133,5756438
5;185,39595;18,539595;100,20773387161077;73,52083501200832;28,723860137335578;True;11074;162,105816
6;660,1013;66,01013;579,0148073705923;35,42094012690359;13,838609559763427;True;9183;134,8467454
7;185,40504;18,540504;99,74374965279907;73,55479487811681;28,737127910455456;True;10894;159,607452
8;660,4794;66,047935;579,5378786218882;35,40628903414108;13,832885518678268;True;9196;135,3541667
