u; v
-9,30631465689657;35,529046011623
23,8298694812584;-17,0122570777312
58,2680665722291;4,89205246325582
115,301355959407;-45,8510725726373
93,7151429473342;-76,0048061762936
9,82167441775164;-88,1687747547403
81,0332099468869;-195,585070743226
84,69265756409;-327,878746480215
-40,8801678601158;-163,720058679115
-96,8477907849519;-304,423001905903
-92,4917369535506;-144,708914415911
-148,530970441199;-160,738199593965
-245,366496465744;-185,716215881519
-289,043133957606;-78,0148087060079
-218,902374114481;-11,510444810614
-296,361876189734;21,8932504765689
-207,670735037325;95,3626339575276
-114,060173009166;-38,430399809964
-179,154252904566;-77,6473177084699
-105,418195739832;-92,2008486692794
287,523254825715;-120,388120818883
314,20993776467;64,6121741104871
365,108279516047;207,2089105919
343,44696274558;356,78226499306
174,492377516566;432,60550345527
91,1944318726783;224,144714090507
-48,407971437493;184,265803902876
43,1322549955985;120,075195256621
80,6691157592722;83,0172837725841
-178,954136356249;321,531963020097
-254,294685207256;301,463822072838
-468,822174957768;383,591185100842
-587,072708352007;1072,20473837573
-365,748462918258;179,558702701703
-394,343450209799;27,0475188549608
-396,624694723258;-82,8680553673767
-388,957252806074;-251,401371219661
-222,178295066733;-361,424691267777
-262,653036457898;-384,41408615699
17,7869324749699;-504,955985006411
278,497881370044;-454,8523997874
353,034196243516;-253,638104057871
621,74522052567;77,9245579144917
889,291169068518;806,296592045575
1825,39616908275;470,959450387862
1462,46762382731;1956,75159299886
569,481223481551;-310,938075024169
2802,39438047267;2889,31559880544
3598,79545581242;637,656767185312
2042,99307054581;-639,826043186244
841,05481175756;-563,46210694965
583,281577634953;-942,333009200171
-19,4812686646183;-1097,14464764623
-880,696307021044;-291,024495531339
-1209,50295955168;305,779022424947
-1605,45754216644;676,632775632665
-296,871949964338;3467,67433022382
-2808,99194252403;2898,83441088209
-3692,90511402795;972,375027823728
-3430,7037664955;-1627,41034419043
4,52395008883104;-2116,497198781
1428,46141144649;-2298,84907769831
3408,46752010474;-1638,94851100538
33,1361841381549;-52,5413030893542
67,5743812291257;-30,6369935483672
124,607670616304;-81,3801185842603
103,021457604231;-111,533852187917
19,1279890746482;-123,697820766363
90,3395246037835;-231,114116754849
93,9989722209866;-363,407792491838
-31,5738532032192;-199,249104690738
-87,5414761280554;-339,952047917526
-83,185422296654;-180,237960427534
-139,224655784303;-196,267245605588
-236,060181808847;-221,245261893142
-279,73681930071;-113,543854717631
-209,596059457584;-47,039490822237
-287,055561532838;-13,6357955350541
-198,364420380429;59,8335879459046
-104,753858352269;-73,959445821587
-169,847938247669;-113,176363720093
-96,1118810829357;-127,729894680902
296,829569482612;-155,917166830506
323,516252421567;29,0831280988641
374,414594172944;171,679864580277
352,753277402477;321,253218981437
183,798692173463;397,076457443647
100,500746529575;188,615668078884
-39,1016567805964;148,736757891253
52,4385696524951;84,5461492449977
89,9754304161688;47,4882377609611
-169,647821699353;286,002917008474
-244,98837055036;265,934776061215
-459,515860300871;348,062139089219
-577,76639369511;1036,67569236411
-356,442148261362;144,02965669008
-385,037135552902;-8,4815271566622
-387,318380066361;-118,397101379
-379,650938149178;-286,930417231284
-212,871980409836;-396,9537372794
-253,346721801001;-419,943132168613
27,0932471318665;-540,485031018034
287,80419602694;-490,381445799023
362,340510900412;-289,167150069494
631,051535182567;42,3955119028687
898,597483725414;770,767546033952
1834,70248373964;435,430404376239
1471,7739384842;1921,22254698724
578,787538138447;-346,467121035792
2811,70069512956;2853,78655279381
3608,10177046931;602,127721173689
2052,29938520271;-675,355089197867
850,361126414457;-598,991152961273
592,587892291849;-977,862055211794
-10,1749540077217;-1132,67369365785
-871,389992364147;-326,553541542962
-1200,19664489479;270,249976413324
-1596,15122750955;641,103729621042
-287,565635307441;3432,14528421219
-2799,68562786713;2863,30536487047
-3683,59879937106;936,845981812105
-3421,3974518386;-1662,93939020205
13,8302647457276;-2152,02624479262
1437,76772610339;-2334,37812370993
3417,77383476163;-1674,477557017
34,4381970909708;21,904309540987
91,471486478149;-28,8388154949062
69,8852734660759;-58,9925490985624
-14,0081950635067;-71,1565176770091
57,2033404656286;-178,572813665494
60,8627880828317;-310,866489402484
-64,7100373413741;-146,707801601384
-120,67766026621;-287,410744828172
-116,321606434809;-127,69665733818
-172,360839922458;-143,725942516234
-269,196365947002;-168,703958803788
-312,873003438865;-61,0025516282767
-242,732243595739;5,5018122671172
-320,191745670993;38,9055075543001
-231,500604518584;112,374891035259
-137,890042490424;-21,4181427322328
-202,984122385824;-60,6350606307387
-129,248065221091;-75,1885915915482
263,693385344457;-103,375863741152
290,380068283412;81,6244311882183
341,278410034789;224,221167669632
319,617093264322;373,794522070792
150,662508035308;449,617760533001
67,3645623914199;241,156971168239
-72,2378409187513;201,278060980607
19,3023855143401;137,087452334352
56,8392462780139;100,029540850315
-202,784005837508;338,544220097829
-278,124554688515;318,476079150569
-492,652044439026;400,603442178573
-610,902577833265;1089,21699545346
-389,578332399517;196,570959779434
-418,173319691057;44,059775932692
-420,454564204516;-65,8557982896455
-412,787122287333;-234,38911414193
-246,008164547991;-344,412434190046
-286,482905939156;-367,401829079259
-6,04293700628841;-487,943727928679
254,668011888785;-437,840142709669
329,204326762258;-236,62584698014
597,915351044412;94,9368149922229
865,461299587259;823,308849123307
1801,56629960149;487,971707465593
1438,63775434605;1973,76385007659
545,651354000292;-293,925817946438
2778,56451099141;2906,32785588317
3574,96558633116;654,669024263043
2019,16320106456;-622,813786108512
817,224942276302;-546,449849871919
559,451708153694;-925,320752122439
-43,3111381458766;-1080,1323905685
-904,526176502302;-274,012238453608
-1233,33282903294;322,791279502679
-1629,2874116477;693,645032710396
-320,701819445596;3484,68658730155
-2832,82181200529;2915,84666795982
-3716,73498350921;989,387284901459
-3454,53363597675;-1610,3980871127
-19,3059193924273;-2099,48494170327
1404,63154196523;-2281,83682062058
3384,63765062348;-1621,93625392765
57,0332893871782;-50,7431250358932
35,4470763751051;-80,8968586395495
-48,4463921544775;-93,0608272179961
22,7651433746578;-200,477123206481
26,4245909918609;-332,770798943471
-99,1482344323449;-168,612111142371
-155,115857357181;-309,315054369159
-150,75980352578;-149,600966879167
-206,799037013428;-165,630252057221
-303,634563037973;-190,608268344775
-347,311200529835;-82,9068611692637
-277,17044068671;-16,4024972738698
-354,629942761963;17,0011980133131
-265,938801609555;90,4705814942718
-172,328239581395;-43,3224522732198
-237,422319476795;-82,5393701717257
-163,686262312061;-97,0929011325352
229,255188253486;-125,280173282139
255,941871192441;59,7201216472313
306,840212943818;202,316858128645
285,178896173351;351,890212529805
116,224310944337;427,713450992014
32,9263653004491;219,252661627252
-106,676038009722;179,37375143962
-15,1358115766307;115,183142793365
22,4010491870431;78,1252313093282
-237,222202928479;316,639910556842
-312,562751779486;296,571769609582
-527,090241529997;378,699132637586
-645,340774924236;1067,31268591247
-424,016529490487;174,666650238447
-452,611516782028;22,155466391705
-454,892761295487;-87,7601078306325
-447,225319378304;-256,293423682917
-280,446361638962;-366,316743731033
-320,921103030127;-389,306138620246
-40,4811340972592;-509,848037469666
220,229814797814;-459,744452250656
294,766129671287;-258,530156521127
563,477153953441;73,0325054512359
831,023102496289;801,40453958232
1767,12810251052;466,067397924606
1404,19955725508;1951,8595405356
511,213156909322;-315,830127487425
2744,12631390044;2884,42354634218
3540,52738924019;632,764714722056
1984,72500397358;-644,718095649499
782,786745185331;-568,354159412906
525,013511062723;-947,225061663426
-77,7493352368474;-1102,03670010949
-938,964373593273;-295,916547994595
-1267,77102612391;300,886969961692
-1663,72560873867;671,740723169409
-355,140016536567;3462,78227776056
-2867,26000909626;2893,94235841883
-3751,17318060018;967,482975360472
-3488,97183306772;-1632,30239665369
-53,7441164833981;-2121,38925124425
1370,19334487426;-2303,74113016156
3350,19945353251;-1643,84056346864
-21,5862130120731;-30,1537336036563
-105,479681541656;-42,3177021821029
-34,2681460125204;-149,733998170588
-30,6086983953173;-282,027673907578
-156,181523819523;-117,868986106478
-212,149146744359;-258,571929333266
-207,793092912958;-98,8578418432735
-263,832326400607;-114,887127021328
-360,667852425151;-139,865143308882
-404,344489917014;-32,1637361333705
-334,203730073888;34,3406277620234
-411,663232149142;67,7443230492063
-322,972090996733;141,213706530165
-229,361528968573;7,42067276267335
-294,455608863973;-31,7962451358326
-220,71955169924;-46,349776096642
172,221898866308;-74,5370482462458
198,908581805263;110,463246683124
249,80692355664;253,059983164538
228,145606786173;402,633337565698
59,1910215571588;478,456576027907
-24,1069240867291;269,995786663145
-163,7093273969;230,116876475513
-72,1691009638089;165,926267829258
-34,6322402001351;128,868356345221
-294,255492315657;367,383035592735
-369,596041166664;347,314894645475
-584,123530917175;429,44225767348
-702,374064311414;1118,05581094837
-481,049818877666;225,40977527434
-509,644806169206;72,8985914275981
-511,926050682665;-37,0169827947393
-504,258608765482;-205,550298647024
-337,47965102614;-315,57361869514
-377,954392417305;-338,563013584353
-97,5144234844374;-459,104912433773
163,196525410636;-409,001327214763
237,732840284109;-207,787031485233
506,443864566263;123,775630487129
773,98981310911;852,147664618213
1710,09481312334;516,810522960499
1347,1662678679;2002,6026655715
454,179867522143;-265,087002451532
2687,09302451326;2935,16667137807
3483,49409985301;683,507839757949
1927,69171458641;-593,974970613606
725,753455798153;-517,611034377012
467,980221675545;-896,481936627533
-134,782624624026;-1051,29357507359
-995,997662980451;-245,173422958702
-1324,80431551109;351,630094997585
-1720,75889812585;722,483848205302
-412,173305923745;3513,52540279645
-2924,29329848344;2944,68548345473
-3808,20646998736;1018,22610039636
-3546,0051224549;-1581,55927161779
-110,777405870576;-2070,64612620836
1313,16005548709;-2252,99800512567
3293,16616414533;-1593,09743843274
-83,8934685295826;-12,1639685784467
-12,6819330004473;-119,580264566932
-9,0224853832442;-251,873940303922
-134,59531080745;-87,7152525028214
-190,562933732286;-228,41819572961
-186,206879900885;-68,7041082396172
-242,246113388534;-84,7333934176713
-339,081639413078;-109,711409705225
-382,75827690494;-2,01000252971426
-312,617517061815;64,4943613656797
-390,077019137068;97,8980566528626
-301,38587798466;171,367440133821
-207,7753159565;37,5744063663296
-272,8693958519;-1,64251153217629
-199,133338687167;-16,1960424929857
193,808111878381;-44,3833146425895
220,494794817336;140,616980286781
271,393136568713;283,213716768194
249,731819798246;432,787071169354
80,777234569232;508,610309631564
-2,52071107465599;300,149520266801
-142,123114384827;260,270610079169
-50,5828879517358;196,080001432914
-13,046027188062;159,022089948878
-272,669279303584;397,536769196391
-348,009828154591;377,468628249131
-562,537317905102;459,595991277136
-680,787851299341;1148,20954455202
-459,463605865592;255,563508877996
-488,058593157133;103,052325031254
-490,339837670592;-6,86324919108301
-482,672395753409;-175,396565043367
-315,893438014067;-285,419885091484
-356,368179405232;-308,409279980697
-75,9282104723643;-428,951178830117
184,782738422709;-378,847593611106
259,319053296182;-177,633297881577
528,030077578336;153,929364090785
795,576026121184;882,301398221869
1731,68102613541;546,964256564155
1368,75248087997;2032,75639917515
475,766080534217;-234,933268847875
2708,67923752533;2965,32040498173
3505,08031286508;713,661573361605
1949,27792759848;-563,82123700995
747,339668810226;-487,457300773356
489,566434687618;-866,328203023877
-113,196411611952;-1021,13984146994
-974,411449968378;-215,019689355046
-1303,21810249902;381,783828601241
-1699,17268511378;752,637581808958
-390,587092911672;3543,67913640011
-2902,70708547136;2974,83921705838
-3786,62025697529;1048,37983400002
-3524,41890944283;-1551,40553801414
-89,1911928585032;-2040,4923926047
1334,74626849916;-2222,84427152202
3314,7523771574;-1562,94370482909
71,2115355291353;-107,416295988485
74,8709831463384;-239,709971725475
-50,7018422778674;-75,5512839243747
-106,669465202704;-216,254227151163
-102,313411371302;-56,5401396611705
-158,352644858951;-72,5694248392247
-255,188170883495;-97,5474411267787
-298,864808375358;10,1539660487324
-228,724048532233;76,6583299441263
-306,183550607486;110,062025231309
-217,492409455077;183,531408712268
-123,881847426917;49,7383749447763
-188,975927322317;10,5214570462704
-115,239870157584;-4,03207391453907
277,701580407964;-32,2193460641429
304,388263346918;152,780948865227
355,286605098296;295,377685346641
333,625288327828;444,951039747801
164,670703098815;520,77427821001
81,3727574549266;312,313488845248
-58,2296458552446;272,434578657616
33,3105805778468;208,243970011361
70,8474413415206;171,186058527324
-188,775810774001;409,700737774838
-264,116359625008;389,632596827578
-478,643849375519;471,759959855583
-596,894382769759;1160,37351313047
-375,57013733601;267,727477456443
-404,165124627551;115,216293609701
-406,446369141009;5,30071938736364
-398,778927223826;-163,232596464921
-231,999969484485;-273,255916513037
-272,474710875649;-296,24531140225
7,96525805721831;-416,78721025167
268,676206952292;-366,68362503266
343,212521825764;-165,469329303131
611,923546107919;166,093332669232
879,469494650766;894,465366800316
1815,57449466499;559,128225142602
1452,64594940955;2044,9203677536
559,659549063799;-222,769300269429
2792,57270605491;2977,48437356018
3588,97378139467;725,825541940052
2033,17139612806;-551,657268431503
831,233137339808;-475,293332194909
573,459903217201;-854,16423444543
-29,3029430823699;-1008,97587289149
-890,517981438796;-202,855720776599
-1219,32463396943;393,947797179688
-1615,2792165842;764,801550387405
-306,693624382089;3555,84310497856
-2818,81361694178;2987,00318563683
-3702,72678844571;1060,54380257847
-3440,52544091325;-1539,24156943569
-5,29772432892059;-2028,32842402626
1418,63973702874;-2210,68030294357
3398,64584568698;-1550,77973625064
3,65944761720311;-132,29367573699
-121,913377807003;31,8650120641105
-177,881000731839;-108,837931162678
-173,524946900437;50,8761563273147
-229,564180388086;34,8468711492606
-326,399706412631;9,8688548617065
-370,076343904493;117,570262037218
-299,935584061368;184,074625932612
-377,395086136621;217,478321219794
-288,703944984212;290,947704700753
-195,093382956053;157,154670933262
-260,187462851452;117,937753034756
-186,451405686719;103,384222073946
206,490044878828;75,1969499243423
233,176727817783;260,197244853713
284,07506956916;402,793981335126
262,413752798693;552,367335736286
93,4591675696793;628,190574198496
10,1612219257913;419,729784833733
-129,44118138438;379,850874646101
-37,9009549512884;315,660265999846
-0,364094187614683;278,60235451581
-259,987346303136;517,117033763323
-335,327895154143;497,048892816063
-549,855384904655;579,176255844068
-668,105918298894;1267,78980911896
-446,781672865145;375,143773444928
-475,376660156686;222,632589598186
-477,657904670144;112,717015375849
-469,990462752961;-55,8163004764356
-303,21150501362;-165,839620524552
-343,686246404784;-188,829015413765
-63,246277471917;-309,370914263185
197,464671423157;-259,267329044174
272,000986296629;-58,0530333146453
540,712010578784;273,509628657717
808,257959121631;1001,8816627888
1744,36295913586;666,544521131087
1381,43441388042;2152,33666374208
488,448013534664;-115,353004280943
2721,36117052578;3084,90066954866
3517,76224586553;833,241837928537
1961,95986059893;-444,240972443018
760,021601810673;-367,877036206424
502,248367688066;-746,747938456945
-100,514478611505;-901,559576903004
-961,729516967931;-95,4394247881137
-1290,53616949857;501,364093168173
-1686,49075211333;872,21784637589
-377,905159911224;3663,25940096704
-2890,02515247092;3094,41948162531
-3773,93832397484;1167,96009856695
-3511,73697644238;-1431,8252734472
-76,5092598580559;-1920,91212803777
1347,42820149961;-2103,26400695508
3327,43431015785;-1443,36344026215
-125,572825424206;164,1586878011
-181,540448349042;23,4557445743121
-177,184394517641;183,169832064305
-233,223628005289;167,14054688625
-330,059154029834;142,162530598696
-373,735791521696;249,863937774207
-303,595031678571;316,368301669601
-381,054533753824;349,771996956784
-292,363392601415;423,241380437743
-198,752830573256;289,448346670251
-263,846910468656;250,231428771745
-190,110853303922;235,677897810936
202,830597261625;207,490625661332
229,51728020058;392,490920590702
280,415621951957;535,087657072116
258,75430518149;684,661011473276
89,7997199524762;760,484249935485
6,50177430858821;552,023460570723
-133,100629001583;512,144550383091
-41,5604025684916;447,953941736836
-4,0235418048178;410,896030252799
-263,646793920339;649,410709500313
-338,987342771346;629,342568553053
-553,514832521858;711,469931581058
-671,765365916097;1400,08348485595
-450,441120482348;507,437449181918
-479,036107773889;354,926265335176
-481,317352287348;245,010691112839
-473,649910370164;76,4773752605543
-306,870952630823;-33,5459447875619
-347,345694021988;-56,535339676775
-66,9057250891201;-177,077238526195
193,805223805954;-126,973653307185
268,341538679426;74,2406424223445
537,05256296158;405,803304394707
804,598511504428;1134,17533852579
1740,70351151866;798,838196868077
1377,77496626322;2284,63033947907
484,788565917461;16,9406714560464
2717,70172290858;3217,19434528565
3514,10279824833;965,535513665527
1958,30041298172;-311,947296706028
756,36215419347;-235,583360469434
498,588920070863;-614,454262719955
-104,173926228708;-769,265901166014
-965,388964585134;36,8542509488761
-1294,19561711577;633,657768905163
-1690,15019973053;1004,51152211288
-381,564607528428;3795,55307670403
-2893,68460008812;3226,7131573623
-3777,59777159204;1300,25377430394
-3515,39642405959;-1299,53159771021
-80,168707475259;-1788,61845230078
1343,7687538824;-1970,97033121809
3323,77486254065;-1311,06976452516
-55,9676229248362;-140,702943226788
-51,6115690934348;19,0111442632042
-107,650802581084;2,98185908515006
-204,486328605628;-21,996157202404
-248,16296609749;85,7052499731071
-178,022206254365;152,209613868501
-255,481708329618;185,613309155684
-166,79056717721;259,082692636643
-73,18000514905;125,289658869151
-138,27408504445;86,0727409706451
-64,5380278797165;71,5192100098357
328,403422685831;43,3319378602318
355,090105624786;228,332232789602
405,988447376163;370,928969271015
384,327130605696;520,502323672175
215,372545376682;596,325562134385
132,074599732794;387,864772769623
-7,5278035773772;347,985862581991
84,0124228557142;283,795253935736
121,549283619388;246,737342451699
-138,073968496134;485,252021699212
-213,414517347141;465,183880751953
-427,942007097652;547,311243779957
-546,192540491891;1235,92479705485
-324,868295058142;343,278761380818
-353,463282349683;190,767577534076
-355,744526863142;80,8520033117384
-348,077084945959;-87,6813125405461
-181,298127206617;-197,704632588662
-221,772868597782;-220,694027477875
58,6671003350857;-341,235926327296
319,378049230159;-291,132341108285
393,914364103632;-89,9180453787558
662,625388385786;241,644616593607
930,171336928634;970,01665072469
1866,27633694286;634,679509066977
1503,34779168742;2120,47165167797
610,361391341667;-147,218016345054
2843,27454833278;3053,03565748455
3639,67562367253;801,376825864427
2083,87323840593;-476,105984507129
881,934979617676;-399,742048270535
624,161745495068;-778,612950521056
21,3988991954975;-933,424588967115
-839,816139160928;-127,304436852224
-1168,62279169157;469,499081104062
-1564,57737430633;840,35283431178
-255,991782104222;3631,39438890293
-2768,11177466391;3062,5544695612
-3652,02494616784;1136,09508650284
-3389,82359863538;-1463,69028551131
45,4041179489468;-1952,77714010188
1469,34157930661;-2135,12901901919
3449,34768796485;-1475,22845232626
4,35605383140137;159,714087489992
-51,6831796562474;143,684802311938
-148,518705680792;118,706786024384
-192,195343172654;226,408193199895
-122,054583329529;292,912557095289
-199,514085404782;326,316252382472
-110,822944252373;399,785635863431
-17,2123822242138;265,992602095939
-82,3064621196136;226,775684197433
-8,57040495488036;212,222153236624
384,371045610667;184,03488108702
411,057728549622;369,03517601639
461,956070300999;511,631912497804
440,294753530532;661,205266898964
271,340168301518;737,028505361173
188,04222265763;528,567715996411
48,439819347459;488,688805808779
139,98004578055;424,498197162524
177,516906544224;387,440285678487
-82,1063455712974;625,954964926001
-157,446894422304;605,886823978741
-371,974384172816;688,014187006745
-490,224917567055;1376,62774028163
-268,900672133306;483,981704607606
-297,495659424847;331,470520760864
-299,776903938306;221,554946538527
-292,109462021122;53,0216306862421
-125,330504281781;-57,001689361874
-165,805245672946;-79,9910842510872
114,634723259922;-200,532983100507
375,345672154996;-150,429397881497
449,881987028468;50,7848978480324
718,593011310622;382,347559820395
986,13895985347;1110,71959395148
1922,2439598677;775,382452293765
1559,31541461226;2261,17459490476
666,329014266503;-6,51507311826572
2899,24217125762;3193,73860071134
3695,64324659737;942,079769091215
2139,84086133077;-335,40304128034
937,902602542512;-259,039105043747
680,129368419904;-637,910007294267
77,3665221203337;-792,721645740326
-783,848516236092;13,398506374564
-1112,65516876673;610,202024330851
-1508,60975138149;981,055777538568
-200,024159179386;3772,09733212972
-2712,14415173908;3203,25741278799
-3596,057323243;1276,79802972963
-3333,85597571054;-1322,98734228453
101,371740873783;-1812,0741968751
1525,30920223144;-1994,42607579241
3505,31531088969;-1334,52550909948
-56,0392334876487;-16,0292851780541
-152,874759512193;-41,0073014656082
-196,551397004056;66,6941057099029
-126,41063716093;133,198469605297
-203,870139236184;166,60216489248
-115,178998083775;240,071548373438
-21,5684360556152;106,278514605947
-86,6625159510149;67,0615967074409
-12,9264587862817;52,5080657466315
380,014991779266;24,3207935970277
406,701674718221;209,321088526398
457,600016469598;351,917825007811
435,938699699131;501,491179408971
266,984114470117;577,314417871181
183,686168826229;368,853628506418
44,0837655160576;328,974718318786
135,623991949149;264,784109672531
173,160852712823;227,726198188495
-86,4623994026988;466,240877436008
-161,802948253706;446,172736488748
-376,330438004217;528,300099516753
-494,580971398456;1216,91365279164
-273,256725964708;324,267617117614
-301,851713256248;171,756433270872
-304,132957769707;61,8408590485342
-296,465515852524;-106,69245680375
-129,686558113182;-216,715776851866
-170,161299504347;-239,70517174108
110,278669428521;-360,2470705905
370,989618323594;-310,143485371489
445,525933197066;-108,92918964196
714,236957479221;222,633472330403
981,782906022068;951,005506461486
1917,8879060363;615,668364803772
1554,95936078086;2101,46050741477
661,972960435101;-166,229160608258
2894,88611742622;3034,02451322135
3691,28719276597;782,365681601223
2135,48480749936;-495,117128770333
933,546548711111;-418,753192533739
675,773314588503;-797,62409478426
73,0104682889323;-952,435733230319
-788,204570067493;-146,315581115428
-1117,01122259813;450,487936840858
-1512,96580521289;821,341690048575
-204,380213010787;3612,38324463973
-2716,50020557048;3043,543325298
-3600,4133770744;1117,08394223964
-3338,21202954194;-1482,70142977452
97,0156870423816;-1971,78828436509
1520,95314840004;-2154,1401632824
3500,95925705829;-1494,23959658947
-96,8355260245444;-24,9780162875541
-140,512163516407;82,7233908879571
-70,3714036732817;149,227754783351
-147,830905748535;182,631450070534
-59,139764596126;256,100833551493
34,4707974320336;122,307799784001
-30,6232824633662;83,090881885495
43,112774701367;68,5373509246856
436,054225266915;40,3500787750818
462,740908205869;225,350373704452
513,639249957247;367,947110185865
491,977933186779;517,520464587025
323,023347957766;593,343703049235
239,725402313878;384,882913684472
100,122999003706;345,004003496841
191,663225436798;280,813394850586
229,200086200472;243,755483366549
-30,42316591505;482,270162614062
-105,763714766057;462,202021666802
-320,291204516569;544,329384694807
-438,541737910808;1232,9429379697
-217,217492477059;340,296902295668
-245,8124797686;187,785718448926
-248,093724282058;77,8701442265883
-240,426282364875;-90,6631716256961
-73,6473246255337;-200,686491673812
-114,122066016698;-223,675886563025
166,317902916169;-344,217785412446
427,028851811243;-294,114200193435
501,565166684715;-92,8999044639058
770,27619096687;238,662757508457
1037,82213950972;967,03479163954
1973,92713952394;631,697649981827
1610,99859426851;2117,48979259282
718,01219392275;-150,199875430204
2950,92535091387;3050,0537983994
3747,32642625362;798,394966779277
2191,52404098701;-479,087843592279
989,585782198759;-402,723907355685
731,812548076152;-781,594809606206
129,049701776581;-936,406448052265
-732,165336579845;-130,286295937374
-1060,97198911048;466,517222018912
-1456,92657172525;837,37097522663
-148,340979523138;3628,41252981778
-2660,46097208283;3059,57261047605
-3544,37414358675;1133,11322741769
-3282,1727960543;-1466,67214459646
153,05492053003;-1955,75899918703
1576,99238188769;-2138,11087810434
3556,99849054594;-1478,21031141141
-43,6766374918625;107,701407175511
26,4641223512626;174,205771070905
-50,9953797239905;207,609466358088
37,6957614284183;281,078849839047
131,306323456578;147,285816071555
66,2122435611782;108,068898173049
139,948300725911;93,5153672122397
532,889751291459;65,3280950626358
559,576434230414;250,328389992006
610,474775981791;392,925126473419
588,813459211324;542,498480874579
419,85887398231;618,321719336789
336,560928338422;409,860929972026
196,958525028251;369,982019784395
288,498751461342;305,79141113814
326,035612225016;268,733499654103
66,4123601094943;507,248178901616
-8,92818874151271;487,180037954357
-223,455678492024;569,307400982361
-341,706211886263;1257,92095425725
-120,381966452514;365,274918583222
-148,976953744055;212,76373473648
-151,258198257514;102,848160514142
-143,590756340331;-65,6851553381421
23,1882013990107;-175,708475386258
-17,2865399921538;-198,697870275471
263,153428940714;-319,239769124892
523,864377835787;-269,136183905881
598,40069270926;-67,9218881763518
867,111716991414;263,640773796011
1134,65766553426;992,012807927094
2070,76266554849;656,675666269381
1707,83412029305;2142,46780888038
814,847719947295;-125,22185914265
3047,76087693841;3075,03181468695
3844,16195227816;823,372983066831
2288,35956701156;-454,109827304725
1086,4213082233;-377,745891068131
828,648074100696;-756,616793318652
225,885227801125;-911,428431764711
-635,3298105553;-105,30827964982
-964,136463085939;491,495238306466
-1360,0910457007;862,348991514184
-51,5054534985939;3653,39054610534
-2563,62544605829;3084,55062676361
-3447,53861756221;1158,09124370525
-3185,33727002975;-1441,69412830891
249,890446554575;-1930,78098289948
1673,82790791224;-2113,13286181679
3653,83401657048;-1453,23229512386
70,1407598431251;66,5043638953939
-7,31874223212799;99,9080591825768
81,3723989202808;173,377442663535
174,98296094844;39,5844088960439
109,888881053041;0,367490997537971
183,624938217774;-14,1860399632715
576,566388783322;-42,3733121128753
603,253071722276;142,626982816495
654,151413473654;285,223719297908
632,490096703186;434,797073699068
463,535511474172;510,620312161278
380,237565830284;302,159522796515
240,635162520113;262,280612608884
332,175388953205;198,090003962629
369,712249716878;161,032092478592
110,088997601357;399,546771726105
34,7484487503498;379,478630778845
-179,779041000162;461,60599380685
-298,029574394401;1150,21954708174
-76,705328960652;257,573511407711
-105,300316252193;105,062327560969
-107,581560765651;-4,85324666136876
-99,9141188484682;-173,386562513653
66,8648388908732;-283,409882561769
26,3900974997086;-306,399277450982
306,830066432576;-426,941176300403
567,54101532765;-376,837591081392
642,077330201122;-175,623295351863
910,788354483277;155,9393666205
1178,33430302612;884,311400751583
2114,43930304035;548,974259093869
1751,51075778491;2034,76640170487
858,524357439157;-232,923266318161
3091,43751443027;2967,33040751144
3887,83858977002;715,67157589132
2332,03620450342;-561,811234480236
1130,09794571517;-485,447298243642
872,324711592559;-864,318200494163
269,561865292988;-1019,12983894022
-591,653173063438;-213,009686825331
-920,459825594076;383,793831130955
-1316,41440820884;754,647584338672
-7,82881600673136;3545,68913892983
-2519,94880856642;2976,8492195881
-3403,86198007035;1050,38983652974
-3141,66063253789;-1549,39553548442
293,567084046437;-2038,48239007499
1717,5045454041;-2220,8342689923
3697,51065406234;-1560,93370229937
-77,4595020752531;33,4036952871829
11,2316390771557;106,873078768142
104,842201105315;-26,91995499935
39,7481212099156;-66,1368728978559
113,484178374649;-80,6904038586654
506,425628940196;-108,877676008269
533,112311879151;76,1226189211011
584,010653630528;218,719355402514
562,349336860061;368,292709803674
393,394751631047;444,115948265884
310,096805987159;235,655158901121
170,494402676988;195,77624871349
262,03462911008;131,585640067235
299,571489873753;94,527728583198
39,9482377582317;333,042407830711
-35,3923110927753;312,974266883451
-249,919800843287;395,101629911456
-368,170334237526;1083,71518318634
-146,846088803777;191,069147512317
-175,441076095318;38,5579636655748
-177,722320608776;-71,3576105567627
-170,054878691593;-239,890926409047
-3,27592095225191;-349,914246457163
-43,7506623434165;-372,903641346376
236,689306589451;-493,445540195797
497,400255484525;-443,341954976786
571,936570357997;-242,127659247257
840,647594640152;89,4350027251057
1108,193543183;817,807036856189
2044,29854319723;482,469895198476
1681,36999794179;1968,26203780947
788,383597596032;-299,427630213555
3021,29675458715;2900,82604361605
3817,6978299269;649,167211995926
2261,89544466029;-628,31559837563
1059,95718587204;-551,951662139036
802,183951749434;-930,822564389557
199,421105449863;-1085,63420283562
-661,793932906563;-279,514050720725
-990,600585437202;317,289467235561
-1386,55516805196;688,143220443279
-77,9695758498565;3479,18477503443
-2590,08956840955;2910,3448556927
-3474,00273991347;983,885472634342
-3211,80139238101;-1615,89989937982
223,426324203312;-2104,98675397038
1647,36378556097;-2287,33863288769
3627,36989421922;-1627,43806619477
88,6911411524088;73,4693834809586
182,301703180568;-60,3236502865329
117,207623285169;-99,5405681850389
190,943680449902;-114,094099145848
583,88513101545;-142,281371295452
610,571813954404;42,7189236339182
661,470155705782;185,315660115331
639,808838935314;334,889014516491
470,8542537063;410,712252978701
387,556308062412;202,251463613939
247,953904752241;162,372553426307
339,494131185333;98,1819447800517
377,030991949006;61,1240332960151
117,407739833485;299,638712543529
42,0671909824778;279,570571596269
-172,460298768034;361,697934624273
-290,710832162273;1050,31148789916
-69,386586728524;157,665452225134
-97,9815740200647;5,15426837839186
-100,262818533523;-104,761305843946
-92,5953766163402;-273,29462169623
74,1835811230012;-383,317941744346
33,7088397318366;-406,307336633559
314,148808664704;-526,84923548298
574,859757559778;-476,745650263969
649,39607243325;-275,53135453444
918,107096715405;56,0313074379228
1185,65304525825;784,403341569006
2121,75804527248;449,066199911293
1758,82950001704;1934,85834252229
865,843099671285;-332,831325500738
3098,7562566624;2867,42234832887
3895,15733200215;615,763516708743
2339,35494673555;-661,719293662813
1137,41668794729;-585,355357426219
879,643453824687;-964,22625967674
276,880607525116;-1119,0378981228
-584,33443083131;-312,917746007908
-913,141083361948;283,885771948379
-1309,09566597671;654,739525156096
-0,51007377460337;3445,78107974725
-2512,6300663343;2876,94116040552
-3396,54323783822;950,481777347159
-3134,34189030576;-1649,303594667
300,885826278565;-2138,39044925757
1724,82328763623;-2320,74232817488
3704,82939629447;-1660,84176148195
93,6105620281596;-133,793033767492
28,5164821327598;-173,009951665998
102,252539297493;-187,563482626807
495,193989863041;-215,750754776411
521,880672801995;-30,7504598470405
572,779014553373;111,846276634373
551,117697782905;261,419631035533
382,163112553892;337,242869497743
298,865166910004;128,78208013298
159,262763599832;88,9031699453481
250,802990032924;24,7125612990931
288,339850796598;-12,3453501849435
28,716598681076;226,16932906257
-46,623950169931;206,10118811531
-261,151439920442;288,228551143315
-379,401973314682;976,842104418203
-158,077727880933;84,1960687441751
-186,672715172474;-68,3151151025668
-188,953959685932;-178,230689324904
-181,286517768749;-346,764005177189
-14,5075600294076;-456,787325225305
-54,9823014205722;-479,776720114518
225,457667512295;-600,318618963938
486,168616407369;-550,215033744927
560,704931280841;-349,000738015398
829,415955562996;-17,4380760430358
1096,96190410584;710,933958088048
2033,06690412007;375,596816430334
1670,13835886463;1861,38895904133
777,151958518876;-406,300708981697
3010,06511550999;2793,95296484791
3806,46619084974;542,294133227784
2250,66380558314;-735,188677143771
1048,72554679489;-658,824740907177
790,952312672278;-1037,6956431577
188,189466372707;-1192,50728160376
-673,025571983719;-386,387129488867
-1001,83222451436;210,41638846742
-1397,78680712912;581,270141675137
-89,2012149270122;3372,31169626629
-2601,3212074867;2803,47177692456
-3485,23437899063;877,0123938662
-3223,03303145817;-1722,77297814796
212,194685126156;-2211,85983273853
1636,13214648382;-2394,21171165584
3616,13825514206;-1734,31114496291
-65,0940798953998;-39,2169178985059
8,64197726933344;-53,7704488593154
401,583427834881;-81,9577210089192
428,270110773836;103,042573920451
479,168452525213;245,639310401864
457,507135754746;395,212664803024
288,552550525732;471,035903265234
205,254604881844;262,575113900471
65,6522015716728;222,69620371284
157,192428004764;158,505595066585
194,729288768438;121,447683582548
-64,8939633470836;359,962362830061
-140,234512198091;339,894221882802
-354,762001948602;422,021584910806
-473,012535342841;1110,63513818569
-251,688289909092;217,989102511667
-280,283277200633;65,4779186649248
-282,564521714092;-44,4376555574127
-274,897079796909;-212,970971409697
-108,118122057567;-322,994291457813
-148,592863448732;-345,983686347026
131,847105484136;-466,525585196447
392,558054379209;-416,421999977436
467,094369252682;-215,207704247907
735,805393534836;116,354957724456
1003,35134207768;844,726991855539
1939,45634209191;509,389850197826
1576,52779683647;1995,18199280882
683,541396490717;-272,507675214205
2916,45455348183;2927,7459986154
3712,85562882158;676,087166995276
2157,05324355498;-601,39564337628
955,114984766726;-525,031707139686
697,341750644118;-903,902609390207
94,5789043445475;-1058,71424783627
-766,636134011878;-252,594095721375
-1095,44278654252;344,209422234911
-1491,39736915728;715,063175442629
-182,811776955172;3506,10473003378
-2694,93176951486;2937,26481069205
-3578,84494101879;1010,80542763369
-3316,64359348633;-1588,97994438047
118,584123097997;-2078,06679897103
1542,52158445566;-2260,41867788834
3522,5276931139;-1600,51811119542
73,7360571647332;-14,5535309608094
466,677507730281;-42,7408031104133
493,364190669236;142,259491818957
544,262532420613;284,85622830037
522,601215650146;434,42958270153
353,646630421132;510,25282116374
270,348684777244;301,792031798977
130,746281467073;261,913121611346
222,286507900164;197,722512965091
259,823368663838;160,664601481054
0,200116548316146;399,179280728567
-75,1404323026909;379,111139781307
-289,667922053202;461,238502809312
-407,918455447441;1149,8520560842
-186,594210013693;257,206020410173
-215,189197305233;104,694836563431
-217,470441818692;-5,22073765890673
-209,802999901509;-173,754053511191
-43,0240421621675;-283,777373559307
-83,498783553332;-306,76676844852
196,941185379535;-427,308667297941
457,652134274609;-377,20508207893
532,188449148081;-175,990786349401
800,899473430236;155,571875622962
1068,44542197308;883,943909754045
2004,55042198731;548,606768096332
1641,62187673187;2034,39891070733
748,635476386116;-233,290757315699
2981,54863337723;2966,9629165139
3777,94970871698;715,304084893782
2222,14732345038;-562,178725477774
1020,20906466213;-485,81478924118
762,435830539518;-864,685691491701
159,672984239947;-1019,49732993776
-701,542054116479;-213,377177822869
-1030,34870664712;383,426340133417
-1426,30328926188;754,280093341134
-117,717697059772;3545,32164793229
-2629,83768961946;2976,48172859056
-3513,75086112339;1050,0223455322
-3251,54951359093;-1549,76302648196
183,678202993397;-2038,84988107253
1607,61566435106;-2221,20175998984
3587,6217730093;-1561,30119329691
392,941450565548;-28,1872721496038
419,628133504502;156,813022779766
470,52647525588;299,40975926118
448,865158485412;448,98311366234
279,910573256398;524,806352124549
196,612627612511;316,345562759787
57,0102243023393;276,466652572155
148,550450735431;212,2760439259
186,087311499105;175,218132441863
-73,5359406164171;413,732811689377
-148,876489467424;393,664670742117
-363,403979217936;475,792033770122
-481,654512612175;1164,40558704501
-260,330267178426;271,759551370982
-288,925254469967;119,24836752424
-291,206498983425;9,33279330190271
-283,539057066242;-159,200522550382
-116,760099326901;-269,223842598498
-157,234840718065;-292,213237487711
123,205128214802;-412,755136337131
383,916077109876;-362,651551118121
458,452391983348;-161,437255388591
727,163416265503;170,125406583771
994,70936480835;898,497440714855
1930,81436482258;563,160299057141
1567,88581956714;2048,95244166814
674,899419221383;-218,73722635489
2907,8125762125;2981,51644747471
3704,21365155225;729,857615854591
2148,41126628565;-547,625194516964
946,473007497392;-471,26125828037
688,699773374785;-850,132160530891
85,936927075214;-1004,94379897695
-775,278111281212;-198,82364686206
-1104,08476381185;397,979871094227
-1500,03934642661;768,833624301944
-191,453754224505;3559,8751788931
-2703,5737467842;2991,03525955137
-3587,48691828812;1064,57587649301
-3325,28557075566;-1535,20949552115
109,942145828663;-2024,29635011172
1533,87960718633;-2206,64822902903
3513,88571584457;-1546,7476623361
26,6866829389546;185,00029492937
77,5850246903319;327,597031410784
55,9237079198647;477,170385811944
-113,030877309149;552,993624274153
-196,328822953037;344,532834909391
-335,931226263208;304,653924721759
-244,390999830117;240,463316075504
-206,854139066443;203,405404591467
-466,477391181965;441,920083838981
-541,817940032972;421,851942891721
-756,345429783483;503,979305919725
-874,595963177722;1192,59285919461
-653,271717743974;299,946823520586
-681,866705035514;147,435639673844
-684,147949548973;37,5200654515065
-676,48050763179;-131,013250400778
-509,701549892448;-241,036570448894
-550,176291283613;-264,025965338107
-269,736322350745;-384,567864187527
-9,0253734556718;-334,464278968517
65,5109414178005;-133,249983238988
334,221965699955;198,312678733375
601,767914242802;926,684712864459
1537,87291425703;591,347571206745
1174,94436900159;2077,13971381774
281,957968655835;-190,549954205286
2514,87112564695;3009,70371962432
3311,2722009867;758,044888004195
1755,4698157201;-519,43792236736
553,531556931845;-443,073986130767
295,758322809237;-821,944888381287
-307,004523490334;-976,756526827347
-1168,21956184676;-170,636374712456
-1497,0262143774;426,167143243831
-1892,98079699216;797,020896451548
-584,395204790053;3588,0624510427
-3096,51519734974;3019,22253170097
-3980,42836885367;1092,76314864261
-3718,22702132121;-1507,02222337155
-282,999304736884;-1996,10907796212
1140,93815662078;-2178,46095687943
3120,94426527902;-1518,5603901865
50,8983417513773;142,596736481413
29,2370249809101;292,170090882573
-139,717560248104;367,993329344783
-223,015505891992;159,53253998002
-362,617909202163;119,653629792389
-271,077682769072;55,4630211461335
-233,540822005398;18,4051096620969
-493,164074120919;256,91978890961
-568,504622971926;236,85164796235
-783,032112722438;318,979010990355
-901,282646116677;1007,59256426524
-679,958400682928;114,946528591216
-708,553387974469;-37,5646552555263
-710,834632487928;-147,480229477864
-703,167190570744;-316,013545330148
-536,388232831403;-426,036865378264
-576,862974222568;-449,026260267477
-296,4230052897;-569,568159116898
-35,7120563946264;-519,464573897887
38,8242584788459;-318,250278168358
307,535282761;13,3123838040046
575,081231303848;741,684417935088
1511,18623131808;406,347276277374
1148,25768606264;1892,13941888837
255,271285716881;-375,550249134656
2488,184442708;2824,70342469495
3284,58551804775;573,044593074825
1728,78313278114;-704,438217296731
526,84487399289;-628,074281060137
269,071639870283;-1006,94518331066
-333,691206429288;-1161,75682175672
-1194,90624478571;-355,636669641826
-1523,71289731635;241,16684831446
-1919,66747993111;612,020601522177
-611,081887729008;3403,06215611333
-3123,2018802887;2834,2222367716
-4007,11505179262;907,76285371324
-3744,91370426017;-1692,02251830092
-309,685987675839;-2181,10937289149
1114,25147368182;-2363,4612518088
3094,25758234007;-1703,56068511587
-21,6613167704672;149,57335440116
-190,615901999481;225,39659286337
-273,913847643369;16,9358034986071
-413,51625095354;-22,9431066890247
-321,976024520449;-87,1337153352797
-284,439163756775;-124,191626819316
-544,062415872297;114,323052428197
-619,402964723304;94,2549114809372
-833,930454473815;176,382274508942
-952,180987868054;864,99582778383
-730,856742434305;-27,6502078901976
-759,451729725846;-180,16139173694
-761,732974239305;-290,076965959277
-754,065532322122;-458,610281811561
-587,28657458278;-568,633601859678
-627,761315973945;-591,622996748891
-347,321347041077;-712,164895598311
-86,6103981460037;-662,0613103793
-12,0740832725314;-460,847014649771
256,636941009623;-129,284352677409
524,18288955247;599,087681453675
1460,2878895667;263,750539795961
1097,35934431126;1749,54268240696
204,372943965504;-518,146985616069
2437,28610095662;2682,10668821353
3233,68717629637;430,447856593411
1677,88479102977;-847,034953778144
475,946532241513;-770,67101754155
218,173298118905;-1149,54191979207
-384,589548180666;-1304,35355823813
-1245,80458653709;-498,23340612324
-1574,61123906773;98,5701118330471
-1970,56582168249;469,423865040764
-661,980229480385;3260,46541963192
-3174,10022204008;2691,62550029019
-4058,013393544;765,166117231827
-3795,81204601154;-1834,61925478233
-360,584329427216;-2323,7061093729
1063,35313193045;-2506,05798829021
3043,35924058869;-1846,15742159728
-168,954585229014;75,8232384622097
-252,252530872902;-132,637550902553
-391,854934183073;-172,516461090185
-300,314707749982;-236,70706973644
-262,777846986308;-273,764981220476
-522,401099101829;-35,2503019729629
-597,741647952837;-55,3184429202229
-812,269137703348;26,8089201077819
-930,519671097587;715,42247338267
-709,195425663838;-177,223562291358
-737,790412955379;-329,7347461381
-740,071657468838;-439,650320360437
-732,404215551654;-608,183636212721
-565,625257812313;-718,206956260838
-606,099999203478;-741,196351150051
-325,66003027061;-861,738249999471
-64,9490813755365;-811,63466478046
9,58723349793581;-610,420369050931
278,29825778009;-278,857707078569
545,844206322938;449,514327052515
1481,94920633717;114,177185394801
1119,02066108173;1599,9693280058
226,034260735971;-667,720340017229
2458,94741772709;2532,53333381237
3255,34849306684;280,874502192251
1699,54610780023;-996,608308179304
497,60784901198;-920,24437194271
239,834614889372;-1299,11527419323
-362,928231410198;-1453,92691263929
-1224,14326976662;-647,8067605244
-1552,94992229726;-51,0032425681129
-1948,90450491203;319,850510639604
-640,318912709918;3110,89206523076
-3152,43890526961;2542,05214588903
-4036,35207677353;615,592762830667
-3774,15072924108;-1984,19260918349
-338,923012656749;-2473,27946377406
1085,01444870091;-2655,63134269137
3065,02055735916;-1995,73077599844
-83,2979456438879;-208,460789364763
-222,900348954059;-248,339699552394
-131,360122520968;-312,530308198649
-93,8232617572939;-349,588219682686
-353,446513872816;-111,073540435173
-428,787062723823;-131,141681382433
-643,314552474334;-49,0143183544278
-761,565085868573;639,599234920461
-540,240840434824;-253,046800753567
-568,835827726365;-405,557984600309
-571,117072239824;-515,473558822647
-563,449630322641;-684,006874674931
-396,670672583299;-794,030194723047
-437,145413974464;-817,01958961226
-156,705445041596;-937,561488461681
104,005503853477;-887,45790324267
178,54181872695;-686,243607513141
447,252843009104;-354,680945540778
714,798791551952;373,691088590305
1650,90379156618;38,3539469325915
1287,97524631074;1524,14608954359
394,988845964985;-743,543578479439
2627,9020029561;2456,71009535016
3424,30307829585;205,051263730042
1868,50069302925;-1072,43154664151
666,562434240994;-996,06761040492
408,789200118386;-1374,93851265544
-193,973646181184;-1529,7501511015
-1055,18868453761;-723,629998986609
-1383,99533706825;-126,826481030323
-1779,94991968301;244,027272177394
-471,364327480904;3035,06882676855
-2983,4843200406;2466,22890742682
-3867,39749154452;539,769524368457
-3605,19614401206;-2060,0158476457
-169,968427427735;-2549,10270223627
1253,96903392993;-2731,45458115358
3233,97514258817;-2071,55401446065
-139,602403310171;-39,8789101876318
-48,0621768770798;-104,069518833887
-10,525316113406;-141,127430317923
-270,148568228928;97,38724892959
-345,489117079935;77,31910798233
-560,016606830446;159,446471010335
-678,267140224685;848,060024285223
-456,942894790936;-44,5860113888048
-485,537882082477;-197,097195235547
-487,819126595936;-307,012769457884
-480,151684678753;-475,546085310169
-313,372726939411;-585,569405358285
-353,847468330576;-608,558800247498
-73,4074993977083;-729,100699096918
187,303449497365;-678,997113877907
261,839764370838;-477,782818148378
530,550788652992;-146,220156176016
798,09673719584;582,151877955068
1734,20173721007;246,814736297354
1371,27319195463;1732,60687890835
478,286791608873;-535,082789114676
2711,19994859999;2665,17088471493
3507,60102393974;413,512053094804
1951,79863867314;-863,970757276751
749,860379884882;-787,606821040157
492,087145762274;-1166,47772329068
-110,675700537297;-1321,28936173674
-971,890738893722;-515,169209621847
-1300,69739142436;81,63430833444
-1696,65197403912;452,488061542157
-388,066381837016;3243,52961613331
-2900,18637439671;2674,68969679158
-3784,09954590063;748,23031373322
-3521,89819836817;-1851,55505828094
-86,6704817838472;-2340,64191287151
1337,26697957381;-2522,99379178882
3317,27308823206;-1863,09322509589
91,5402264330914;-64,190608646255
129,077087196765;-101,248520130292
-130,546164918756;137,266159117222
-205,886713769763;117,198018169962
-420,414203520275;199,325381197967
-538,664736914514;887,938934472855
-317,340491480765;-4,70710120117292
-345,935478772306;-157,218285047915
-348,216723285765;-267,133859270252
-340,549281368581;-435,667175122537
-173,77032362924;-545,690495170653
-214,245065020405;-568,679890059866
66,1949039124629;-689,221788909286
326,905852807537;-639,118203690276
401,442167681009;-437,903907960746
670,153191963163;-106,341245988384
937,699140506011;622,0307881427
1873,80414052024;286,693646484986
1510,8755952648;1772,48578909598
617,889194919044;-495,203878927045
2850,80235191016;2705,04979490256
3647,20342724991;453,390963282436
2091,40104198331;-824,091847089119
889,462783195053;-747,727910852525
631,689549072446;-1126,59881310305
28,9267027728747;-1281,41045154911
-832,288335583551;-475,290299434215
-1161,09498811419;121,513218522072
-1557,04957072895;492,366971729789
-248,463978526845;3283,40852632094
-2760,58397108654;2714,56860697921
-3644,49714259046;788,109223920852
-3382,295795058;-1811,67614809331
52,931921526324;-2300,76300268387
1476,86938288399;-2483,11488160118
3456,87549154223;-1823,21431490825
37,5368607636738;-37,0579114840366
-222,086391351848;201,456767763477
-297,426940202855;181,388626816217
-511,954429953366;263,515989844222
-630,204963347605;952,12954311911
-408,880717913857;59,4835074450821
-437,475705205397;-93,0276764016598
-439,756949718856;-202,943250623997
-432,089507801673;-371,476566476282
-265,310550062331;-481,499886524398
-305,785291453496;-504,489281413611
-25,3453225206285;-625,031180263031
235,365626374445;-574,927595044021
309,901941247917;-373,713299314491
578,612965530072;-42,1506373421289
846,158914072919;686,221396788955
1782,26391408715;350,884255131241
1419,33536883171;1836,67639774224
526,348968485952;-431,01327028079
2759,26212547707;2769,24040354881
3555,66320081682;517,581571928691
1999,86081555022;-759,901238442864
797,922556761961;-683,53730220627
540,149322639354;-1062,40820445679
-62,6135236602167;-1217,21984290285
-923,828562016643;-411,09969078796
-1252,63521454728;185,703827168327
-1648,58979716204;556,557580376044
-340,004204959936;3347,5991349672
-2852,12419751963;2778,75921562547
-3736,03736902355;852,299832567107
-3473,83602149109;-1747,48553944705
-38,6083049067674;-2236,57239403762
1385,32915645089;-2418,92427295493
3365,33526510914;-1759,023706262
-259,623252115522;238,514679247513
-334,963800966529;218,446538300253
-549,49129071704;300,573901328258
-667,741824111279;989,187454603147
-446,41757867753;96,5414189291187
-475,012565969071;-55,9697649176233
-477,29381048253;-165,885339139961
-469,626368565347;-334,418654992245
-302,847410826005;-444,441975040361
-343,32215221717;-467,431369929574
-62,8821832843023;-587,973268778995
197,828765610771;-537,869683559984
272,365080484244;-336,655387830455
541,076104766398;-5,09272585809231
808,622053309246;723,279308272991
1744,72705332347;387,942166615278
1381,79850806803;1873,73430922627
488,812107722279;-393,955358796753
2721,72526471339;2806,29831503285
3518,12634005315;554,639483412728
1962,32395478654;-722,843326958828
760,385695998288;-646,479390722234
502,61246187568;-1025,35029297275
-100,150384423891;-1180,16193141881
-961,365422780316;-374,041779303923
-1290,17207531095;222,761738652363
-1686,12665792572;593,615491860081
-377,54106572361;3384,65704645123
-2889,6610582833;2815,81712710951
-3773,57422978723;889,357744051144
-3511,37288225477;-1710,42762796301
-76,1451656704412;-2199,51448255358
1347,79229568722;-2381,86636147089
3327,79840434546;-1721,96579477796
-75,340548851007;-20,06814094726
-289,868038601518;62,0592220807448
-408,118571995758;750,672775355633
-186,794326562009;-141,973260318395
-215,38931385355;-294,484444165137
-217,670558367008;-404,400018387474
-210,003116449825;-572,933334239759
-43,2241587104836;-682,956654287875
-83,6989001016482;-705,946049177088
196,741068831219;-826,487948026508
457,452017726293;-776,384362807497
531,988332599765;-575,170067077968
800,69935688192;-243,607405105606
1068,24530542477;484,764629025478
2004,35030543899;149,427487367764
1641,42176018356;1635,21962997876
748,4353598378;-632,470038044266
2981,34851682892;2567,78363578534
3777,74959216867;316,124804165214
2221,94720690206;-961,358006206341
1020,00894811381;-884,994069969747
762,235713991202;-1263,86497222027
159,472867691631;-1418,67661066633
-701,742170664795;-612,556458551437
-1030,54882319543;-15,75294059515
-1426,5034058102;355,100812612567
-117,917813608088;3146,14236720372
-2630,03780616778;2577,30244786199
-3513,9509776717;650,84306480363
-3251,74963013925;-1948,94230721053
183,47808644508;-2438,0291618011
1607,41554780274;-2620,38104071841
3587,42165646099;-1960,48047402548
-214,527489750511;82,1273630280048
-332,77802314475;770,740916302893
-111,453777711002;-121,905119371135
-140,048765002542;-274,416303217877
-142,330009516001;-384,331877440214
-134,662567598818;-552,865193292499
32,1163901405234;-662,888513340615
-8,35835125064114;-685,877908229828
272,081617682226;-806,419807079248
532,7925665773;-756,316221860237
607,328881450772;-555,101926130708
876,039905732927;-223,539264158346
1143,58585427577;504,832769972738
2079,69085429;169,495628315024
1716,76230903456;1655,28777092602
823,775908688807;-612,401897097006
3056,68906567992;2587,8517767326
3853,09014101967;336,192945112474
2297,28775575307;-941,289865259081
1095,34949696482;-864,925929022487
837,576262842209;-1243,79683127301
234,813416542638;-1398,60846971907
-626,401621813788;-592,488317604177
-955,208274344426;4,31520035210997
-1351,16285695919;375,168953559827
-42,5772647570811;3166,21050815098
-2554,69725731677;2597,37058880925
-3438,6104288207;670,91120575089
-3176,40908128824;-1928,87416626327
258,818635296087;-2417,96102085384
1682,75609665375;-2600,31289977115
3662,76220531199;-1940,41233307822
-118,250533394239;688,613553274889
103,07371203951;-204,03248239914
74,478724747969;-356,543666245881
72,1974802345103;-466,459240468219
79,8649221516935;-634,992556320503
246,643879891035;-745,01587636862
206,16913849987;-768,005271257833
486,609107432738;-888,547170107253
747,320056327811;-838,443584888242
821,856371201284;-637,229289158713
1090,56739548344;-305,666627186351
1358,11334402629;422,705406944733
2294,21834404051;87,3682652870193
1931,28979878507;1573,16040789802
1038,30339843932;-694,529260125011
3271,21655543043;2505,72441370459
4067,61763077019;254,065582084469
2511,81524550358;-1023,41722828709
1309,87698671533;-947,053292050492
1052,10375259272;-1325,92419430101
449,34090629315;-1480,73583274707
-411,874132063276;-674,615680632181
-740,680784593915;-77,8121626758948
-1136,63536720868;293,041590531822
171,95022499343;3084,08314512298
-2340,16976756626;2515,24322578125
-3224,08293907019;588,783842722885
-2961,88159153773;-2011,00152929127
473,346125046599;-2500,08838388184
1897,28358640426;-2682,44026279915
3877,2896950625;-2022,53969610622
221,324245433749;-892,646035674028
192,729258142208;-1045,15721952077
190,448013628749;-1155,07279374311
198,115455545932;-1323,60610959539
364,894413285274;-1433,62942964351
324,419671894109;-1456,61882453272
604,859640826977;-1577,16072338214
865,57058972205;-1527,05713816313
940,106904595523;-1325,8428424336
1208,81792887768;-994,280180461239
1476,36387742052;-265,908146330155
2412,46887743475;-601,245287987869
2049,54033217931;884,546854623128
1156,55393183356;-1383,1428133999
3389,46708882467;1817,1108604297
4185,86816416443;-434,547971190419
2630,06577889782;-1712,03078156197
1428,12752010957;-1635,66684532538
1170,35428598696;-2014,5377475759
567,591439687389;-2169,34938602196
-293,623598669037;-1363,22923390707
-622,430251199676;-766,425715950783
-1018,38483381444;-395,571962743066
290,200758387669;2395,46959184809
-2221,91923417202;1826,62967250636
-3105,83240567595;-99,8297105520032
-2843,63105814349;-2699,61508256616
591,596658440838;-3188,70193715673
2015,5341197985;-3371,05381607404
3995,54022845674;-2711,15324938111
-28,5949872915407;-152,511183846742
-30,8762318049994;-262,426758069079
-23,2087898878162;-430,960073921364
143,570167851525;-540,98339396948
103,095426460361;-563,972788858693
383,535395393228;-684,514687708113
644,246344288302;-634,411102489103
718,782659161774;-433,196806759574
987,493683443929;-101,634144787211
1255,03963198678;626,737889343873
2191,144632001;291,400747686159
1828,21608674556;1777,19289029716
935,229686399809;-490,496777725872
3168,14284339092;2709,75689610373
3964,54391873068;458,098064483609
2408,74153346407;-819,384745887946
1206,80327467582;-743,020809651352
949,030040553211;-1121,89171190187
346,26719425364;-1276,70335034793
-514,947844102786;-470,583198233042
-843,754496633424;126,220319723245
-1239,70907924819;497,074072930962
68,8765129539206;3288,11562752211
-2443,24347960577;2719,27570818039
-3327,1566511097;792,816325122025
-3064,95530357724;-1806,96904689213
370,272413007089;-2296,0559014827
1794,20987436475;-2478,40778040001
3774,21598302299;-1818,50721370708
-2,28124451345866;-109,915574222337
5,38619740372451;-278,448890074622
172,165155143066;-388,472210122738
131,690413751901;-411,461605011951
412,130382684769;-532,003503861371
672,841331579843;-481,899918642361
747,377646453315;-280,685622912832
1016,08867073547;50,8770390595309
1283,63461927832;779,249073190615
2219,73961929254;443,911931532901
1856,8110740371;1929,7040741439
963,82467369135;-337,98559387913
3196,73783068246;2862,26807995047
3993,13890602222;610,609248330351
2437,33652075561;-666,873562041204
1235,39826196736;-590,509625804611
977,625027844751;-969,380528055131
374,862181545181;-1124,19216650119
-486,352856811245;-318,0720143863
-815,159509341884;278,731503569987
-1211,11409195665;649,585256777704
97,4715002454614;3440,62681136886
-2414,64849231423;2871,78689202713
-3298,56166381815;945,327508968767
-3036,3603162857;-1654,45786304539
398,86740029863;-2143,54471763596
1822,80486165629;-2325,89659655327
3802,81097031453;-1665,99602986034
7,66744191718317;-168,533315852284
174,446399656525;-278,556635900401
133,97165826536;-301,546030789614
414,411627198228;-422,087929639034
675,122576093301;-371,984344420023
749,658890966773;-170,770048690494
1018,36991524893;160,792613281868
1285,91586379178;889,164647412952
2222,020863806;553,827505755238
1859,09231855056;2039,61964836624
966,105918204808;-228,070019656792
3199,01907519592;2972,18365417281
3995,42015053568;720,524822552688
2439,61776526907;-556,957987818867
1237,67950648082;-480,594051582273
979,90627235821;-859,464953832794
377,143426058639;-1014,27659227885
-484,071612297786;-208,156440163963
-812,878264828425;388,647077792324
-1208,83284744319;759,500831000041
99,75274475892;3550,54238559119
-2412,36724780077;2981,70246624947
-3296,2804193047;1055,2430831911
-3034,07907177224;-1544,54228882305
401,148644812089;-2033,62914341362
1825,08610616975;-2215,98102233093
3805,09221482799;-1556,080455638
166,778957739341;-110,023320048116
126,304216348177;-133,012714937329
406,744185281044;-253,55461378675
667,455134176118;-203,451028567739
741,99144904959;-2,23673283820972
1010,70247333174;329,325929134153
1278,24842187459;1057,69796326524
2214,35342188882;722,360821607523
1851,42487663338;2208,15296421852
958,438476287625;-59,5367038045079
3191,35163327874;3140,7169700251
3987,75270861849;889,058138404973
2431,95032335189;-388,424671966583
1230,01206456363;-312,060735729989
972,238830441027;-690,93163798051
369,475984141456;-845,743276426569
-491,73905421497;-39,6231243116781
-820,545706745608;557,180393644609
-1216,50028936037;928,034146852326
92,0853028417368;3719,07570144348
-2420,03468971796;3150,23578210175
-3303,94786122188;1223,77639904339
-3041,74651368942;-1376,00897297077
393,481202894905;-1865,09582756134
1817,41866425257;-2047,44770647865
3797,42477291081;-1387,54713978572
-40,4747413911646;-22,9893948892131
239,965227541703;-143,531293738633
500,676176436777;-93,4277085196227
575,212491310249;107,786587209906
843,923515592403;439,349249182269
1111,46946413525;1167,72128331335
2047,57446414948;832,384141655639
1684,64591889404;2318,17628426664
791,659518548284;50,4866162436083
3024,5726755394;3250,74029007321
3820,97375087915;999,081458453089
2265,17136561255;-278,401351918466
1063,23310682429;-202,037415681873
805,459872701686;-580,908317932393
202,697026402115;-735,719956378452
-658,518011954311;70,400195736438
-987,32466448495;667,203713692725
-1383,27924709971;1038,05746690044
-74,6936548976046;3829,09902149159
-2586,8136474573;3260,25910214987
-3470,72681896122;1333,7997190915
-3208,52547142876;-1265,98565292265
226,702245155564;-1755,07250751322
1650,63970651323;-1937,42438643053
3630,64581517147;-1277,5238197376
280,439968932867;-120,54189884942
541,150917827941;-70,4383136304095
615,687232701413;130,77598209912
884,398256983568;462,338644071482
1151,94420552642;1190,71067820257
2088,04920554064;855,373536544852
1725,1206602852;2341,16567915585
832,134259939448;73,4760111328214
3065,04741693056;3273,72968496243
3861,44849227032;1022,0708533423
2305,64610700371;-255,411957029253
1103,70784821546;-179,048020792659
845,93461409285;-557,91892304318
243,171767793279;-712,730561489239
-618,043270563147;93,3895906256512
-946,849923093785;690,193108581938
-1342,80450570855;1061,04686178965
-34,21891350644;3852,08841638081
-2546,33890606613;3283,24849703908
-3430,25207757006;1356,78911398072
-3168,0507300376;-1242,99625803344
267,176986546729;-1732,08311262401
1691,11444790439;-1914,43499154132
3671,12055656263;-1254,53442484839
260,710948895074;50,1035852190107
335,247263768546;251,31788094854
603,958288050701;582,880542920902
871,504236593548;1311,25257705199
1807,60923660778;975,915435394272
1444,68069135234;2461,70757800527
551,694291006581;194,017909982242
2784,6074479977;3394,27158381185
3581,00852333745;1142,61275219172
2025,20613807084;-134,870058179833
823,26787928259;-58,5061219432391
565,494645159983;-437,37702419376
-37,2682011395882;-592,188662639819
-898,483239496014;213,931489475071
-1227,28989202665;810,735007431358
-1623,24447464141;1181,58876063908
-314,658882439307;3972,63031523023
-2826,778874999;3403,7903958885
-3710,69204650292;1477,33101283014
-3448,49069897047;-1122,45435918402
-13,2629823861389;-1611,54121377459
1410,67447897152;-1793,8930926919
3390,68058762977;-1133,99252599897
74,5363148734723;201,214295729529
343,247339155627;532,776957701892
610,793287698474;1261,14899183298
1546,8982877127;925,811850175261
1183,96974245726;2411,60399278626
290,983342111507;143,914324763231
2523,89649910262;3344,16799859283
3320,29757444237;1092,50916697271
1764,49518917577;-184,973643398844
562,556930387516;-108,60970716225
304,783696264909;-487,480609412771
-297,979150034662;-642,29224785883
-1159,19418839109;163,827904256061
-1488,00084092173;760,631422212347
-1883,95542353649;1131,48517542006
-575,369831334381;3922,52673001122
-3087,48982389407;3353,68681066949
-3971,402995398;1427,22742761113
-3709,20164786554;-1172,55794440303
-273,973931281213;-1661,6447989936
1149,96353007645;-1843,99667791091
3129,96963873469;-1184,09611121798
268,711024282155;331,562661972363
536,256972825002;1059,93469610345
1472,36197283923;724,597554445732
1109,43342758379;2210,38969705673
216,447027238035;-57,2999709662981
2449,36018422915;3142,95370286331
3245,7612595689;891,294871243183
1689,9588743023;-386,187939128373
488,020615514044;-309,824002891779
230,247381391437;-688,6949051423
-372,515464908134;-843,506543588359
-1233,73050326456;-37,3863914734684
-1562,5371557952;559,417126482818
-1958,49173840996;930,270879690535
-649,906146207853;3721,31243428169
-3162,02613876755;3152,47251493996
-4045,93931027147;1226,0131318816
-3783,73796273901;-1373,77224013256
-348,510246154685;-1862,85909472313
1075,42721520298;-2045,21097364044
3055,43332386122;-1385,31040694751
267,545948542847;728,372034131084
1203,65094855708;393,03489247337
840,722403301635;1878,82703508437
-52,2639970441196;-388,862632938661
2180,649159947;2811,39104089094
2977,05023528675;559,73220927082
1421,24785002014;-717,750601100735
219,309591231889;-641,386664864141
-38,4636428907179;-1020,25756711466
-641,226489190289;-1175,06920556072
-1502,44152754671;-368,949053445831
-1831,24818007735;227,854464510456
-2227,20276269212;598,708217718173
-918,617170490008;3389,74977230933
-3430,7371630497;2820,9098529676
-4314,65033455362;894,450469909236
-4052,44898702117;-1705,33490210492
-617,221270436839;-2194,42175669549
806,716190920823;-2376,7736356128
2786,72229957907;-1716,87306891987
936,105000014228;-335,337141657714
573,176454758788;1150,45500095328
-319,809945586967;-1117,23466706974
1913,10321140415;2083,01900675986
2709,5042867439;-168,639824860264
1153,7019014773;-1446,12263523182
-48,2363573109578;-1369,75869899523
-306,009591433565;-1748,62960124575
-908,772437733136;-1903,44123969181
-1769,98747608956;-1097,32108757691
-2098,7941286202;-500,517569620628
-2494,74871123496;-129,663816412911
-1186,16311903286;2661,37773817824
-3698,28311159255;2092,53781883651
-4582,19628309647;166,078435778152
-4319,99493556401;-2433,70693623601
-884,767218979687;-2922,79379082657
539,170242377975;-3105,14566974388
2519,17635103622;-2445,24510305095
-362,92854525544;1485,792142611
-1255,91494560119;-781,897525412031
976,99821138992;2418,35614841757
1773,39928672967;166,69731679745
217,596901463068;-1110,78549357411
-984,341357325186;-1034,42155733751
-1242,11459144779;-1413,29245958803
-1844,87743774736;-1568,10409803409
-2706,09247610379;-761,983945919201
-3034,89912863443;-165,180427962914
-3430,85371124919;205,673325244803
-2122,26811904708;2996,71487983596
-4634,38811160678;2427,87496049423
-5518,3012831107;501,415577435866
-5256,09993557824;-2098,36979457829
-1820,87221899391;-2587,45664916886
-396,934757636252;-2769,80852808617
1583,07135102199;-2109,90796139324
-892,986400345755;-2267,68966802303
1339,92675664536;932,564005806576
2136,32783198511;-1319,09482581355
580,525446718508;-2596,5776361851
-621,412812069746;-2520,21369994851
-879,186046192353;-2899,08460219903
-1481,94889249192;-3053,89624064509
-2343,16393084835;-2247,7760885302
-2671,97058337899;-1650,97257057391
-3067,92516599375;-1280,11881736619
-1759,33957379164;1510,92273722496
-4271,45956635134;942,082817883231
-5155,37273785526;-984,376565175131
-4893,1713903228;-3584,16193718929
-1457,94367373847;-4073,24879177986
-34,0062123808129;-4255,60067069717
1945,99989627743;-3595,70010400424
2232,91315699112;3200,2536738296
3029,31423233087;948,594842209481
1473,51184706426;-328,887968162075
271,573588276009;-252,524031925481
13,8003541534017;-631,394934176002
-588,962492146169;-786,206572622061
-1450,17753050259;19,9135794928297
-1778,98418303323;616,717097449116
-2174,938765648;987,570850656833
-866,353173445888;3778,61240524799
-3378,47316600558;3209,77248590626
-4262,3863375095;1283,3131028479
-4000,18498997705;-1316,47226916626
-564,95727339272;-1805,55912375683
858,980187964942;-1987,91100267414
2838,98629662318;-1328,01043598121
796,401075339752;-2251,65883162012
-759,401309926852;-3529,14164199168
-1961,33956871511;-3452,77770575508
-2219,11280283771;-3831,64860800561
-2821,87564913728;-3986,46024645166
-3683,09068749371;-3180,34009433677
-4011,89734002435;-2583,53657638049
-4407,85192263911;-2212,68282317277
-3099,266330437;578,358731418382
-5611,3863229967;9,51881207665429
-6495,29949450062;-1916,94057098171
-6233,09814696816;-4516,72594299586
-2797,87043038383;-5005,81279758643
-1373,93296902617;-5188,16467650374
606,07313963207;-4528,26410981081
-1555,8023852666;-1277,48281037156
-2757,74064405486;-1201,11887413496
-3015,51387817747;-1579,98977638548
-3618,27672447704;-1734,80141483154
-4479,49176283346;-928,681262716651
-4808,2984153641;-331,877744760364
-5204,25299797886;38,9760084473528
-3895,66740577676;2830,01756303851
-6407,78739833645;2261,17764369678
-7291,70056984037;334,718260638416
-7029,49922230791;-2265,06711137574
-3594,27150572359;-2754,15396596631
-2170,33404436593;-2936,50584488362
-190,327935707683;-2276,60527819069
-1201,93825878825;76,3639362365939
-1459,71149291086;-302,506966013927
-2062,47433921043;-457,318604459986
-2923,68937756686;348,801547654904
-3252,4960300975;945,605065611191
-3648,45061271226;1316,45881881891
-2339,86502051015;4107,50037341006
-4851,98501306984;3538,66045406833
-5735,89818457377;1612,20107100997
-5473,69683704131;-987,584301004186
-2038,46912045698;-1476,67115559475
-614,531659099321;-1659,02303451207
1365,47444955892;-999,122467819136
-257,773234122607;-378,870902250521
-860,536080422178;-533,68254069658
-1721,7511187786;272,437611418311
-2050,55777130924;869,241129374597
-2446,512353924;1240,09488258231
-1137,9267617219;4031,13643717347
-3650,04675428159;3462,29651783174
-4533,95992578551;1535,83713477338
-4271,75857825306;-1063,94823724078
-836,530861668729;-1553,03509183135
587,406599688933;-1735,38697074866
2567,41270834718;-1075,48640405573
-602,762846299571;-154,811638446059
-1463,977884656;651,308513668831
-1792,78453718664;1248,11203162512
-2188,7391198014;1618,96578483284
-880,15352759929;4410,00733942399
-3392,27352015898;3841,16742008226
-4276,18669166291;1914,7080370239
-4013,98534413045;-685,077334990259
-578,757627546122;-1174,16418958083
845,17983381154;-1356,51606849814
2825,18594246978;-696,615501805209
-861,215038356426;806,120152114891
-1190,02169088706;1402,92367007118
-1585,97627350183;1773,77742327889
-277,390681299719;4564,81897787005
-2789,51067385941;3995,97905852832
-3673,42384536334;2069,51967546996
-3411,22249783088;-530,2656965442
24,0052187534493;-1019,35255113477
1447,94268011111;-1201,70443005208
3427,94878876935;-541,80386335915
-328,806652530639;596,803517956287
-724,761235145401;967,657271164004
583,824357056707;3758,69882575516
-1928,29563550299;3189,85890641343
-2812,20880700691;1263,39952335507
-2550,00745947445;-1336,38584865909
885,220257109875;-1825,47270324966
2309,15771846754;-2007,82458216697
4289,16382712578;-1347,92401547404
-395,954582614762;370,853753207717
912,631009587345;3161,89530779887
-1599,48898297235;2593,05538845714
-2483,40215447627;666,59600539878
-2221,20080694381;-1933,18936661538
1214,02690964051;-2422,27622120595
2637,96437099818;-2604,62810012326
4617,97047965642;-1944,72753343033
1308,58559220211;2791,04155459115
-1203,53440035758;2222,20163524942
-2087,44757186151;295,742252191063
-1825,24622432905;-2304,04311982309
1609,98149225528;-2793,12997441366
3033,91895361294;-2975,48185333097
5013,92506227118;-2315,58128663804
-2512,11999255969;-568,839919341728
-3396,03316406362;-2495,29930240009
-3133,83181653116;-5095,08467441425
301,395900053169;-5584,17152900482
1725,33336141083;-5766,52340792213
3705,33947006907;-5106,6228412292
-883,913171503924;-1926,45938305836
-621,711823971465;-4526,24475507252
2813,51589261286;-5015,33160966309
4237,45335397052;-5197,6834885804
6217,45946262877;-4537,78292188747
262,201347532458;-2599,78537201416
3697,42906411678;-3088,87222660473
5121,36652547445;-3271,22410552204
7101,37263413269;-2611,32353882911
3435,22771658433;-489,086854590569
4859,16517794199;-671,438733507879
6839,17128660023;-11,5381668149494
1423,93746135766;-182,35187891731
3403,9435700159;477,548687775619
1980,00610865824;659,90056669293
